minReadLen=3000
nReads=4421
nBps=26724869
N50=6214
nUltra=0
Whale=25381
Baitfish=3001
Cov=0.00890829
nAlnReads=3963
muMap=58.3194
PctAln=86.6026
ErrDel=3.03111
ErrIns=7.3734
ErrMis=4.12697
ErrSum=14.5315
nBpsAln=23144426
nBpsDel=701532
nBpsIns=1706532
nBpsMis=955163
