minReadLen=3000
nReads=4105
nBps=23403670
N50=5846
nUltra=0
Whale=13456
Baitfish=3005
Cov=0.00780122
nAlnReads=3853
muMap=58.6174
PctAln=90.8154
ErrDel=5.64262
ErrIns=3.62727
ErrMis=3.96899
ErrSum=13.2389
nBpsAln=21254133
nBpsDel=1199291
nBpsIns=770944
nBpsMis=843575
