minReadLen=3000
nReads=4221
nBps=24463900
N50=5960
nUltra=0
Whale=13744
Baitfish=3002
Cov=0.00815463
nAlnReads=3894
muMap=58.7113
PctAln=89.6261
ErrDel=4.473
ErrIns=4.61495
ErrMis=4.09678
ErrSum=13.1847
nBpsAln=21926033
nBpsDel=980751
nBpsIns=1011876
nBpsMis=898262
