minReadLen=3000
nReads=4097
nBps=23301407
N50=5827
nUltra=0
Whale=13424
Baitfish=3002
Cov=0.00776714
nAlnReads=3843
muMap=58.6374
PctAln=90.7576
ErrDel=5.80626
ErrIns=3.54065
ErrMis=3.94183
ErrSum=13.2887
nBpsAln=21147801
nBpsDel=1227896
nBpsIns=748770
nBpsMis=833610
