minReadLen=3000
nReads=4121
nBps=23539142
N50=5857
nUltra=0
Whale=13496
Baitfish=3002
Cov=0.00784638
nAlnReads=3861
muMap=58.6104
PctAln=90.6487
ErrDel=5.45734
ErrIns=3.73483
ErrMis=3.98832
ErrSum=13.1805
nBpsAln=21337930
nBpsDel=1164483
nBpsIns=796936
nBpsMis=851024
