minReadLen=3000
nReads=4140
nBps=23699508
N50=5873
nUltra=0
Whale=13536
Baitfish=3002
Cov=0.00789984
nAlnReads=3865
muMap=58.6698
PctAln=90.5231
ErrDel=5.27359
ErrIns=3.86229
ErrMis=4.01839
ErrSum=13.1543
nBpsAln=21453531
nBpsDel=1131372
nBpsIns=828597
nBpsMis=862087
