minReadLen=3000
nReads=4278
nBps=25062798
N50=6032
nUltra=0
Whale=13853
Baitfish=3002
Cov=0.00835427
nAlnReads=3918
muMap=58.5859
PctAln=88.9276
ErrDel=3.97047
ErrIns=5.29461
ErrMis=4.14802
ErrSum=13.4131
nBpsAln=22287742
nBpsDel=884928
nBpsIns=1180050
nBpsMis=924501
