minReadLen=3000
nReads=4178
nBps=24101305
N50=5924
nUltra=0
Whale=13649
Baitfish=3001
Cov=0.00803377
nAlnReads=3883
muMap=58.6207
PctAln=90.1683
ErrDel=4.79827
ErrIns=4.2583
ErrMis=4.07132
ErrSum=13.1279
nBpsAln=21731730
nBpsDel=1042747
nBpsIns=925403
nBpsMis=884768
