minReadLen=3000
nReads=4161
nBps=23888035
N50=5897
nUltra=0
Whale=13584
Baitfish=3011
Cov=0.00796268
nAlnReads=3875
muMap=58.5974
PctAln=90.2772
ErrDel=5.054
ErrIns=4.02736
ErrMis=4.04394
ErrSum=13.1253
nBpsAln=21565439
nBpsDel=1089918
nBpsIns=868517
nBpsMis=872094
